1 2
2 1
1 3
3 1
1 4
4 1
1 5
5 1
2 5
5 2
3 5
5 3
4 5
5 4
4 2
2 4
4 3
3 4
3 2
2 3
5 6
6 5
6 7
7 6
6 8
8 6
6 9
9 6
6 10
10 6 
7 8 
8 7 
7 9
9 7
7 10
10 7
8 9
9 8
8 10
10 8
9 10
10 9
10 11
11 10
11 12
12 11
11 13
13 11
11 14
14 11
11 15
15 11
11 12
12 11
11 13
13 11
11 14
14 11
11 15
15 11
12 13
13 12
12 14
14 12
12 15
15 12
13 14
14 13
13 15
15 13
14 15
15 14
15 16
16 15
16 17
17 16
16 18 
18 16
16 19 
19 16 
16 20
20 16
17 18
18 17
17 19
19 17
17 20
20 17
18 19
19 18
18 20
20 18
19 20
20 19
20 1
1 20